ID,Item1,Item2,Item3,HellItem1,HellItem2,HellItem3,EXP_0,EXP_1,EXP_2,Gold1,Gold1Rate,Gold2,Gold2Rate,Meat,Material1,Material1Rate,Material2,Material2Rate,HellGold1,HellGold1Rate,HellGold2,HellGold2Rate,HellMeat,HellMaterial1,HellMaterial1Rate,HellMaterial2,HellMaterial2Rate,WeeklyDungeon
1,11001,13001,15001,71017,72017,73017,750,5000,500000,1500,80,8000,20,1,100001,75,100003,25,4500,80,25000,20,1,100009,75,100011,25,0
2,31001,32001,33001,21010,22010,23010,950,5400,511750,1500,80,8000,20,1,100001,75,100003,25,4500,80,25000,20,1,100009,75,100011,25,0
3,41001,42001,43001,31011,32011,33011,1160,5820,523590,1500,80,8000,20,1,100001,75,100003,25,4500,80,25000,20,1,100009,75,100011,25,0
4,51001,52001,53001,41011,42011,43011,1380,6260,535520,1500,80,8000,20,1,100001,75,100003,25,4500,80,25000,20,1,100009,75,100011,25,0
5,71001,72001,73001,71018,72018,73018,1610,6720,547540,1500,80,8000,20,1,100001,75,100003,25,4500,80,25000,20,1,100009,75,100011,25,0
6,21001,22001,23001,51011,52011,53011,1840,7180,559650,1500,80,8000,20,1,100001,75,100003,25,4500,80,25000,20,1,100009,75,100011,25,0
7,61001,62001,63001,61010,62010,63010,2080,7660,571850,1500,80,8000,20,1,100001,75,100003,25,4500,80,25000,20,1,100009,75,100011,25,0
8,31002,32002,33002,21011,22011,23011,2330,8160,584140,1500,80,8000,20,1,100001,75,100003,25,4500,80,25000,20,1,100009,75,100011,25,0
9,71002,72002,73002,31012,32012,33012,2590,8680,596520,1500,80,8000,20,1,100001,75,100003,25,4500,80,25000,20,1,100009,75,100011,25,0
10,12001,14001,16001,11009,13009,15009,2860,9220,608990,1500,80,8000,20,1,100001,75,100003,25,4500,80,25000,20,1,100009,75,100011,25,0
11,41002,42002,43002,71019,72019,73019,3130,9760,621560,1500,80,8000,20,1,100002,75,100004,25,4500,80,25000,20,1,100009,75,100011,25,0
12,51002,52002,53002,41012,42012,43012,3410,10320,634220,1500,80,8000,20,1,100002,75,100004,25,4500,80,25000,20,1,100009,75,100011,25,0
13,61002,62002,63002,51012,52012,53012,3700,10900,646980,1500,80,8000,20,1,100002,75,100004,25,4500,80,25000,20,1,100009,75,100011,25,0
14,21002,22002,23002,21012,22012,23012,4000,11500,659830,1500,80,8000,20,1,100002,75,100004,25,4500,80,25000,20,1,100009,75,100011,25,0
15,11002,13002,16002,71020,72020,73020,4310,12120,672780,1500,80,8000,20,1,100002,75,100004,25,4500,80,25000,20,1,100009,75,100011,25,0
16,31003,32003,33003,31013,32013,33013,4630,12760,685830,1500,80,8000,20,1,100002,75,100004,25,4500,80,25000,20,1,100009,75,100011,25,0
17,71003,72003,73003,41013,42013,43013,4960,13420,698970,1500,80,8000,20,1,100002,75,100004,25,4500,80,25000,20,1,100009,75,100011,25,0
18,41003,42003,43003,51013,52013,53013,5300,14100,712210,1500,80,8000,20,1,100002,75,100004,25,4500,80,25000,20,1,100009,75,100011,25,0
19,71004,72004,73004,61011,62011,63011,5650,14800,725550,1500,80,8000,20,1,100002,75,100004,25,4500,80,25000,20,1,100009,75,100011,25,0
20,12002,14002,15002,12009,14009,16009,6020,15540,738990,1500,80,8000,20,1,100002,75,100004,25,4500,80,25000,20,1,100009,75,100011,25,0
21,51003,52003,53003,71021,72021,73021,8400,20300,752530,2200,80,12000,20,1,100003,75,100005,25,5400,80,30000,20,1,100010,75,100012,25,0
22,71005,72005,73005,21013,22013,23013,8860,21220,766170,2200,80,12000,20,1,100003,75,100005,25,5400,80,30000,20,1,100010,75,100012,25,0
23,61003,62003,63003,61012,62012,63012,9330,22160,779920,2200,80,12000,20,1,100003,75,100005,25,5400,80,30000,20,1,100010,75,100012,25,0
24,31004,32004,33004,21014,22014,23014,9820,23140,793770,2200,80,12000,20,1,100003,75,100005,25,5400,80,30000,20,1,100010,75,100012,25,0
25,12003,14003,16003,71022,72022,73022,10320,24140,807720,2200,80,12000,20,1,100003,75,100005,25,5400,80,30000,20,1,100010,75,100012,25,0
26,71006,72006,73006,31014,32014,33014,10840,25180,821780,2200,80,12000,20,1,100003,75,100005,25,5400,80,30000,20,1,100010,75,100012,25,0
27,21003,22003,23003,41014,42014,43014,11380,26260,835940,2200,80,12000,20,1,100003,75,100005,25,5400,80,30000,20,1,100010,75,100012,25,0
28,41004,42004,43004,51014,52014,53014,11940,27380,850210,2200,80,12000,20,1,100003,75,100005,25,5400,80,30000,20,1,100010,75,100012,25,0
29,51004,52004,53004,61013,62013,63013,12510,28520,864590,2200,80,12000,20,1,100003,75,100005,25,5400,80,30000,20,1,100010,75,100012,25,0
30,11003,13003,15003,11010,13010,15010,13100,29700,879070,2200,80,12000,20,1,100003,75,100005,25,5400,80,30000,20,1,100010,75,100012,25,0
31,21004,22004,23004,71023,72023,73023,13710,30920,893660,2200,80,12000,20,1,100004,75,100006,25,5400,80,30000,20,1,100010,75,100012,25,0
32,71007,72007,73007,31015,32015,33015,14340,32180,908360,2200,80,12000,20,1,100004,75,100006,25,5400,80,30000,20,1,100010,75,100012,25,0
33,51005,52005,53005,41015,42015,43015,14990,33480,923170,2200,80,12000,20,1,100004,75,100006,25,5400,80,30000,20,1,100010,75,100012,25,0
34,31005,32005,33005,21015,22015,23015,15660,34820,938090,2200,80,12000,20,1,100004,75,100006,25,5400,80,30000,20,1,100010,75,100012,25,0
35,11004,13004,16004,71024,72024,73024,16360,36220,953130,2200,80,12000,20,1,100004,75,100006,25,5400,80,30000,20,1,100010,75,100012,25,0
36,41005,42005,43005,31016,32016,33016,17080,37660,968280,2200,80,12000,20,1,100004,75,100006,25,5400,80,30000,20,1,100010,75,100012,25,0
37,61004,62004,63004,41016,42016,43016,17820,39140,983540,2200,80,12000,20,1,100004,75,100006,25,5400,80,30000,20,1,100010,75,100012,25,0
38,71008,72008,73008,51015,52015,53015,18590,40680,998920,2200,80,12000,20,1,100004,75,100006,25,5400,80,30000,20,1,100010,75,100012,25,0
39,21005,22005,23005,61014,62014,63014,19380,42260,1014410,2200,80,12000,20,1,100004,75,100006,25,5400,80,30000,20,1,100010,75,100012,25,0
40,12004,14004,15004,12010,14010,16010,20200,43900,1030020,2200,80,12000,20,1,100004,75,100006,25,5400,80,30000,20,1,100010,75,100012,25,0
41,41006,42006,43006,71025,72025,73025,25050,53600,1045750,3000,80,17000,20,1,100005,75,100007,25,6300,80,35000,20,1,100011,75,100013,25,0
42,71009,72009,73009,51016,52016,53016,26060,55620,1061590,3000,80,17000,20,1,100005,75,100007,25,6300,80,35000,20,1,100011,75,100013,25,0
43,61005,62005,63005,61015,62015,63015,27100,57700,1077550,3000,80,17000,20,1,100005,75,100007,25,6300,80,35000,20,1,100011,75,100013,25,0
44,31006,32006,33006,21016,22016,23016,28170,59840,1093630,3000,80,17000,20,1,100005,75,100007,25,6300,80,35000,20,1,100011,75,100013,25,0
45,12005,14005,16005,71026,72026,73026,29280,62060,1109830,3000,80,17000,20,1,100005,75,100007,25,6300,80,35000,20,1,100011,75,100013,25,0
46,51006,52006,53006,31017,32017,33017,30430,64360,1126150,3000,80,17000,20,1,100005,75,100007,25,6300,80,35000,20,1,100011,75,100013,25,0
47,21006,22006,23006,41017,42017,43017,31610,66720,1142600,3000,80,17000,20,1,100005,75,100007,25,6300,80,35000,20,1,100011,75,100013,25,0
48,71010,72010,73010,51017,52017,53017,32830,69160,1159170,3000,80,17000,20,1,100005,75,100007,25,6300,80,35000,20,1,100011,75,100013,25,0
49,61006,62006,63006,61016,62016,63016,34090,71680,1175860,3000,80,17000,20,1,100005,75,100007,25,6300,80,35000,20,1,100011,75,100013,25,0
50,11005,13005,15005,11011,13011,15011,35390,74280,1192680,3000,80,17000,20,1,100005,75,100007,25,6300,80,35000,20,1,100011,75,100013,25,0
51,51007,52007,53007,71027,72027,73027,36740,76980,1209630,3000,80,17000,20,1,100006,75,100008,25,6300,80,35000,20,1,100011,75,100013,25,0
52,71011,72011,73011,21017,22017,23017,38130,79760,1226700,3000,80,17000,20,1,100006,75,100008,25,6300,80,35000,20,1,100011,75,100013,25,0
53,31007,32007,33007,31018,32018,33018,39570,82640,1243900,3000,80,17000,20,1,100006,75,100008,25,6300,80,35000,20,1,100011,75,100013,25,0
54,41007,42007,43007,21018,22018,23018,41060,85620,1261230,3000,80,17000,20,1,100006,75,100008,25,6300,80,35000,20,1,100011,75,100013,25,0
55,11006,13006,16006,71028,72028,73028,42590,88680,1278690,3000,80,17000,20,1,100006,75,100008,25,6300,80,35000,20,1,100011,75,100013,25,0
56,71012,72012,73012,31019,32019,33019,44180,91860,1296280,3000,80,17000,20,1,100006,75,100008,25,6300,80,35000,20,1,100011,75,100013,25,0
57,61007,62007,63007,41018,42018,43018,45820,95140,1314000,3000,80,17000,20,1,100006,75,100008,25,6300,80,35000,20,1,100011,75,100013,25,0
58,51008,52008,53008,51018,52018,53018,47510,98520,1331860,3000,80,17000,20,1,100006,75,100008,25,6300,80,35000,20,1,100011,75,100013,25,0
59,21007,22007,23007,61017,62017,63017,49260,102020,1349850,3000,80,17000,20,1,100006,75,100008,25,6300,80,35000,20,1,100011,75,100013,25,0
60,12006,14006,15006,12011,14011,16011,51070,105640,1367970,3000,80,17000,20,1,100006,75,100008,25,6300,80,35000,20,1,100011,75,100013,25,0
61,71013,72013,73013,71029,72029,73029,58940,121380,1386230,3700,80,20000,20,1,100007,75,100009,25,7500,80,41000,20,1,100012,75,100014,25,0
62,41008,42008,43008,41019,42019,43019,61070,125640,1404630,3700,80,20000,20,1,100007,75,100009,25,7500,80,41000,20,1,100012,75,100014,25,0
63,61008,62008,63008,51019,52019,53019,63270,130040,1423160,3700,80,20000,20,1,100007,75,100009,25,7500,80,41000,20,1,100012,75,100014,25,0
64,31008,32008,33008,21019,22019,23019,65540,134580,1441830,3700,80,20000,20,1,100007,75,100009,25,7500,80,41000,20,1,100012,75,100014,25,0
65,12007,13007,15007,71030,72030,73030,67880,139260,1460640,3700,80,20000,20,1,100007,75,100009,25,7500,80,41000,20,1,100012,75,100014,25,0
66,71014,72014,73014,31020,32020,33020,70300,144100,1479590,3700,80,20000,20,1,100007,75,100009,25,7500,80,41000,20,1,100012,75,100014,25,0
67,21008,22008,23008,41020,42020,43020,72800,149100,1498690,3700,80,20000,20,1,100007,75,100009,25,7500,80,41000,20,1,100012,75,100014,25,0
68,41009,42009,43009,51020,52020,53020,75380,154260,1517930,3700,80,20000,20,1,100007,75,100009,25,7500,80,41000,20,1,100012,75,100014,25,0
69,51009,52009,53009,61018,62018,63018,78050,159600,1537310,3700,80,20000,20,1,100007,75,100009,25,7500,80,41000,20,1,100012,75,100014,25,0
70,12008,13008,15008,11012,13012,15012,80810,165120,1556840,3700,80,20000,20,1,100007,75,100009,25,7500,80,41000,20,1,100012,75,100014,25,0
71,71015,72015,73015,71031,72031,73031,83660,170820,1576520,3700,80,20000,20,1,100008,75,100010,25,7500,80,41000,20,1,100012,75,100014,25,0
72,31009,32009,33009,21020,22020,23020,86600,176700,1596340,3700,80,20000,20,1,100008,75,100010,25,7500,80,41000,20,1,100012,75,100014,25,0
73,61009,62009,63009,61019,62019,63019,89640,182780,1616310,3700,80,20000,20,1,100008,75,100010,25,7500,80,41000,20,1,100012,75,100014,25,0
74,41010,42010,43010,21021,22021,23021,92780,189060,1636430,3700,80,20000,20,1,100008,75,100010,25,7500,80,41000,20,1,100012,75,100014,25,0
75,11007,14007,16007,71032,72032,73032,96020,195540,1656700,3700,80,20000,20,1,100008,75,100010,25,7500,80,41000,20,1,100012,75,100014,25,0
76,71016,72016,73016,31021,32021,33021,99370,202240,1677130,3700,80,20000,20,1,100008,75,100010,25,7500,80,41000,20,1,100012,75,100014,25,0
77,51010,52010,53010,41021,42021,43021,102830,209160,1697710,3700,80,20000,20,1,100008,75,100010,25,7500,80,41000,20,1,100012,75,100014,25,0
78,31010,32010,33010,51021,52021,53021,106400,216300,1718440,3700,80,20000,20,1,100008,75,100010,25,7500,80,41000,20,1,100012,75,100014,25,0
79,21009,22009,23009,61020,62020,63020,110090,223680,1739330,3700,80,20000,20,1,100008,75,100010,25,7500,80,41000,20,1,100012,75,100014,25,0
80,11008,14008,16008,12012,14012,16012,113900,231300,1760370,3700,80,20000,20,1,100008,75,100010,25,7500,80,41000,20,1,100012,75,100014,25,0
197,80999,80999,80999,,,,0,0,0,,,,,,,,,,,,,,,,,,,0
201,,,,,,,0,0,0,,,,,,,,,,,,,,,,,,,1
202,,,,,,,0,0,0,,,,,,,,,,,,,,,,,,,1
1201,,,,,,,0,0,0,,,,,,,,,,,,,,,,,,,1
1202,,,,,,,0,0,0,,,,,,,,,,,,,,,,,,,1
2201,,,,,,,0,0,0,,,,,,,,,,,,,,,,,,,1
2202,,,,,,,0,0,0,,,,,,,,,,,,,,,,,,,1
